0.178129251534454	0.173210906819493	-0.0866465653192782	-0.159517050012921	-0.0375874287046371	-0.12789368081794
0.173210906819493	0.241983587215067	-0.120758324055175	-0.162542330930253	-0.0517314182552757	-0.166178137534799
-0.0866465653192782	-0.120758324055175	0.0826804651744122	0.0969339815568284	0.0365173449124037	0.0878615478026829
-0.159517050012921	-0.162542330930253	0.0969339815568284	0.271866279382547	0.0421941172781586	0.193997716675471
-0.0375874287046371	-0.0517314182552757	0.0365173449124037	0.0421941172781586	0.0321782046672247	0.0424131757157912
-0.12789368081794	-0.166178137534799	0.0878615478026829	0.193997716675471	0.0424131757157912	0.244639126736308
