V1	V2	V3	V4	V5	V6	V7
-0.402150846269887	-0.12529629674015	-0.583956344534177	0.224603494607508	-0.0905499754849912	0.466340044453407	0.453267534282852
-0.223691802705335	-0.209367412594207	-0.418889616868224	0.387440784101729	-0.231945088844801	-0.458483927330918	-0.562620969908401
0.607329762319246	0.256628889622284	-0.27682805692476	0.373857304327976	0.245711338808499	0.42849773841735	-0.323890015073812
0.632160067304925	-0.517923524788078	-0.244110811656752	-0.174742936810737	-0.363347237579127	-0.165442415043971	0.28742178360591
0.0767710033937842	0.105623127459776	-0.287382716477038	0.0947377623760203	0.674582008315812	-0.544044426977716	0.374620707069009
-0.095742142773987	-0.764721466266116	0.178736953161765	0.00896824580443759	0.519318512285224	0.241143184101877	-0.214861445656399
0.0685604732195574	-0.102018596474147	0.482459211679646	0.787453400530652	-0.144410170969584	-0.0848738654106428	0.322465576510603
