-0.225	-0.253	0.62	0	0	0	0.708
-0.365	-0.616	0.282	0.186	-0.122	-0.142	-0.582
0.284	0.155	0.28	0.747	0.484	0.121	-0.099
0.517	-0.578	-0.38	0.271	-0.198	-0.241	0.29
0.253	0.26	0.31	0.214	-0.817	0.223	-0.098
0.473	-0.33	0.226	-0.441	0.195	0.598	-0.165
-0.425	-0.15	-0.409	0.306	-0.081	0.707	0.17
