0.148	0.989	0	0	0	0	0
-0.103	0.015	0.912	0.003	0.003	-0.307	0.253
0.161	-0.024	-0.375	-0.066	0.097	-0.746	0.512
-0.039	0.006	0.032	-0.966	0.241	0.044	-0.07
0.094	-0.014	0.042	-0.008	-0.151	-0.569	-0.801
0.062	-0.009	-0.022	-0.251	-0.951	0.036	0.163
-0.963	0.144	-0.159	0.01	-0.07	-0.147	-0.007
