17.716	-12.285	19.238	-4.61	11.268	7.408	-115.036
-12.285	8.519	-13.341	3.197	-7.814	-5.137	79.774
19.238	-13.341	20.891	-5.007	12.236	8.044	-124.921
-4.61	3.197	-5.007	1.2	-2.932	-1.928	29.937
11.268	-7.814	12.236	-2.932	7.167	4.712	-73.166
7.408	-5.137	8.044	-1.928	4.712	3.098	-48.102
-115.036	79.774	-124.921	29.937	-73.166	-48.102	746.972
