28.261	43.286	-30.15	-55.653	-26.989	-48.977	44.787
43.286	70.659	-50.941	-86.418	-46.308	-79.665	75.383
-30.15	-50.941	39.981	68.826	35.959	64.596	-59.547
-55.653	-86.418	68.826	135.427	59.916	120.406	-103.634
-26.989	-46.308	35.959	59.916	32.594	56.9	-53.4
-48.977	-79.665	64.596	120.406	56.9	110.036	-96.958
44.787	75.383	-59.547	-103.634	-53.4	-96.958	88.792
